400	416	610	805	15
401	1195	560	1093	23
404	2162	1042	147	225
405	1936	1336	264	225
406	2012	1042	147	225
407	1756	1336	171	98
408	1865	1042	147	225
409	1737	1435	190	123
411	1545	1437	192	127
412	1743	1042	116  	224
413	1545	1336 	166	102
414	786	524	82	77
415	724	626	47	24
416	702	524	66	79
417	699	627	24	26
418	620	522	81	78
419	585	678	111	29
420	470	523	147	74
421	553	626	27	21
422	416	555	50	26
423	508	635	18	26
425	489	664	28	12
427	448	664	36	14
440	344	626	68	23
441	341	575	71	25
451	305	629	29	33
452	228	619	33	47
453	286	628	17	33
455	294	664	67	17
457	515	1486	71	99
459	442	1486	70	100
461	361	1487	69	98
462	152	619	69	45
463	295	1487  69	98
465	221	1487	69	98
467	149   1487	74	98 
469	149	1368	121	74
471	149	1295	115	74 
473	149	1222	115 69   
475	149	1149	115 69
477	149	1075  115 69
479	149	1003	115 69
480	149	361	45	69
481	149	930	115	69
483	149	856	115	69
485	149	779	115	74
487	356	721	59	47    
489	428	749	54	48
491	493	780	56	43
493	564	799	101	83 
494	153	474	109	39
495	472	986   108	141
496	229	517	34	25
497	285	577	49	24
498	152	566	106	50
499	572	1200	95	66
400B	494	627	34	5
420A	416	532	50	19
495A	572	887	108	93
498A	153	545	98	19
455A  589   1486  77 99